1690119 0710250838  24010000102994350300043495  DE00Y02920545        
2690120 071025083801266001441600850069004600520000021029 Y363        
C07102508380005008500000291 0011006900000194 0001004600000257 0001005200000249            
2690122 071025083902256001420400430050004200430000061029 Y364        
C07102508390006004300000152 0009005000000184 0001004200000174 0001004300000189            
2690124 071025084003265001441400860082005000570000051029 Y365        
C07102508400011008600000279 0014008200000221 0000005000000256 0001005700000303            
2690126 071025084004266001441500620065005300520000071029 Y366        
C07102508400003006200000128 0005006500000147 0001005300000292 0001005200000254            
2690128 071025084105265001441200860064005000450030011029 Y367        
C07102508410011008600000311 0006006400000244 0001005000000263 0001004500000208            
2690130 071025084206266001441700510050003300280020031029 Y368        
C07102508420009005100000182 0002005000000117 0001003300000072 0000002800000076            
2690132 071025084207265001420700740073004600430030041029 Y369        
C07102508420005007400000338 0005007300000178 0000004600000209 0000004300000187            
2690134 071025084308265001441100650072005200550000061029 Y370        
C07102508430007006500000245 0014007200000269 0000005200000271 0001005500000294            
2690136 071025084409256001442000500051003100350000081029 Y371        
C07102508440006005000000144 0002005100000112 0001003100000076 0001003500000077            
2690138 071025084410266001441300560067005300480000041029 Y372        
C07102508440002005600000205 0014006700000135 0001005300000288 0000004800000233            
2690140 071025084511266001441900500050003400310030081029 Y373        
C07102508450002005000000188 0000005000000178 0001003400000100 0001003100000085            
2690142 071025084612267001441800470029003100330030051029 Y374        
C07102508460000004700000177 0000002900000164 0001003100000073 0001003300000085            
2690144 071025084613266001444900650058004900480030011029 Y375        
C07102508460000006500000191 0003005800000153 0001004900000204 0001004800000207            
2690146 071025084714255001421000540032005200450050001029 Y376        
C07102508470002005400000191 0000003200000098 0000005200000233 0001004500000215            
2690148 071025084815266001442300560063003100320000111029 Y377        
C07102508480014005600000241 0007006300000148 0001003100000064 0001003200000024            
2690150 071025084816266001420100530051004800460030011029 Y378        
C07102508480002005300000151 0003005100000214 0000004800000208 0000004600000183            
2690152 071025084917272001420900360076005300490000111029 Y379        
C07102508490002003600000170 0015007600000219 0001005300000229 0001004900000217            
2690154 071025085018255001444700810059005500470000091029 Y380        
C07102508500006008100000205 0002005900000133 0001005500000248 0000004700000171            
2690156 071025085019265001445000800064004300450000061029 Y381        
C07102508500009008000000296 0002006400000217 0001004300000210 0000004500000214            
2690158 071025085120265001420300590082005100510000091029 Y382        
C07102508510000005900000210 0005008200000263 0001005100000216 0000005100000196            
2690160 071025085221262001420500320043004800440000071029 Y383        
C07102508520002003200000102 0002004300000133 0000004800000198 0000004400000200            
2690162 071025085222256001420800850046005800440020091029 Y384        
C07102508520003008500000172 0000004600000133 0001005800000243 0001004400000174            
2690164 071025085323266001420600640076005100450000081029 Y385        
C07102508530003006400000214 0005007600000148 0001005100000203 0001004500000154            
2690166 071025085424265001421100820068004500440000041029 Y386        
C07102508540005008200000288 0003006800000179 0001004500000173 0001004400000166            
2690168 071025085425266001444600460068004900460000071029 Y387        
C07102508540006004600000216 0014006800000208 0001004900000179 0001004600000162            
