1690164 0709191641  23990000097695250500041935  DE00Y02330430        
2690165 070919164101266001444500440048001400500020040976 Y239        
C07091916410002004400000303 0002004800000153 0000001400000031 0001005000000047            
2690167 070919164202265001444400440039001200110020050976 Y240        
C07091916420000004400000198 0000003900000235 0000001200000028 0000001100000022            
2690169 070919164303255001444300420054001200960000080976 Y241        
C07091916430006004200000257 0005005400000118 0000001200000026 0000009600000048            
2690171 070919164304266001444200550054001100120000060976 Y242        
C07091916430009005500000313 0009005400000257 0000001100000029 0000001200000026            
2690173 070919164405266001444100420044001200130040020976 Y243        
C07091916440000004200000235 0002004400000224 0000001200000025 0000001300000027            
2690175 070919164506255001440615251586140714290090030976 Y244        
C07091916450030152500000658 0022158600000721 0167140713220944 0191142913430862            
2690177 070919164507265001440715481569137514080030030976 Y245        
C07091916450022154800000679 0034156900000679 0179137512940747 0171140813250912            
2690179 070919164608266001440814331537141414110060000976 Y246        
C07091916460017143300000641 0015153700000623 0169141413300908 0180141113260831            
2690181 070919164709266001440914461520138114140020070976 Y247        
C07091916470025144600000544 0047152000000554 0161138113000904 0171141413290949            
2690183 070919164710266001441015161496139014010050000976 Y248        
C07091916470025151600000525 0014149600000629 0158139013080970 0168140113171102            
2690185 070919164811266001440115251478139214140000020976 Y249        
C07091916480027152500000735 0025147800000970 0169139213090815 0179141413280924            
2690187 070919164912266001440215061503140314110050040976 Y250        
C07091916490019150600000821 0015150300000843 0165140313190915 0170141113260891            
2690189 070919164913267001440314061471140313990020080976 Y251        
C07091916490021140600000499 0023147100000542 0172140313200871 0175139913160992            
2690191 070919165014267001440414931475139714260030030976 Y252        
C07091916500018149300000752 0035147500000627 0170139713120967 0186142613400872            
2690193 070919165115266001440514841482139414160030100976 Y253        
C07091916510027148400000593 0034148200000737 0165139413100904 0176141613310909            
