1690148 1002261240  23550000091294950500068444  DE00Y02850439        
2690149 100226124001265001503511581104069300350070070912 Y034        
C10022612400001115800000578 0000110400000425 0033069302230196 0001003500000012            
2690151 100226124102266001501501330120010500850040050912 Y035        
C10022612410003013300000271 0009012000000124 0003010500000037 0003008500000031            
2690153 100226124103267001472701290102009300950020060912 Y036        
C10022612410005012900000371 0002010200000300 0002009300000038 0002009500000036            
2690155 100226124204267001474101130083007900840050030912 Y037        
C10022612420011011300000355 0017008300000194 0002007900000033 0002008400000031            
2690157 100226124305267001471301070100007600740050060912 Y038        
C10022612430001010700000295 0002010000000205 0002007600000038 0002007400000033            
2690159 100226124306266001438603920348171116220060040912 Y039        
C10022612430000039200001308 0000034800001248 0003171115182666 0003162214492617            
2690161 100226124407255001466201370164012300970090000912 Y040        
C10022612440000013700000372 0000016400000242 0003012300000345 0002009700000205            
2690163 100226124508266001468301160124007700740070030912 Y041        
C10022612450002011600000254 0002012400000120 0002007700000043 0001007400000034            
2690165 100226124509265001436804260413156015970060010912 Y042        
C10022612450003042600001346 0000041300001321 0003156014002546 0002159714292623            
2690167 100226124610267001475001060112006700670050030912 Y043        
C10022612460006010600000304 0000011200000246 0002006700000034 0002006700000028            
2690169 100226124711267001471701290165007300760050010912 Y044        
C10022612470003012900000388 0074016500000263 0001007300000033 0002007600000033            
2690171 100226124712267001438401270079008602350040070912 Y045        
C10022612470005012700000278 0014007900000181 0001008600000230 0002023500000338            
2690173 100226124813266001436701110095006900700030070912 Y046        
C10022612480001011100000205 0001009500000174 0002006900000038 0002007000000027            
2690175 100226124914267001469901230108009300940030070912 Y047        
C10022612490001012300000341 0005010800000303 0002009300000247 0002009400000224            
2690177 100226124915267001471201190102007900770040090912 Y048        
C10022612490003011900000251 0000010200000273 0002007900000042 0002007700000036            
2690179 100226125016265001469101430080009800860070030912 Y049        
C10022612500000014300000255 0000008000000246 0002009800000308 0002008600000255            
2690181 100226125117266001472601230104009700810050070912 Y050        
C10022612510013012300000303 0015010400000246 0002009700000039 0002008100000037            
2690183 100226125118266001472101150100007000770080030912 Y051        
C10022612510003011500000246 0011010000000208 0002007000000033 0002007700000031            
2690185 100226125219266001418401040117007800660060060912 Y052        
C10022612520007010400000298 0002011700000162 0003007800000052 0002006600000045            
2690187 100226125320266001416500870104007500700060000912 Y053        
C10022612530003008700000262 0000010400000193 0002007500000042 0001007000000043            
2690189 100226125321266001419901360091008900730040030912 Y054        
C10022612530006013600000327 0003009100000234 0002008900000052 0002007300000038            
2690191 100226125422266001416401110094010600670040030912 Y055        
C10022612540005011100000278 0000009400000194 0002010600000132 0002006700000037            
2690193 100226125523267001418901310121008000830040060912 Y056        
C10022612550000013100000312 0002012100000258 0002008000000041 0002008300000046            
2690195 100226125524255001416701290106009100740050060912 Y057        
C10022612550003012900000255 0000010600000231 0003009100000044 0002007400000051            
2690197 100226125625267001417201020104007900690060000912 Y058        
C10022612560000010200000292 0000010400000159 0002007900000052 0002006900000045            
2690199 100226125726266001416101110103010200780060070912 Y059        
C10022612570000011100000253 0000010300000182 0003010200000060 0002007800000046            
2690102 100226125727256001417101170099008400730070000912 Y060        
C10022612570000011700000286 0002009900000310 0002008400000042 0002007300000046            
2690104 100226125828266001416201200103016100790050010912 Y061        
C10022612580000012000000251 0005010300000208 0004016100000080 0002007900000045            
2690106 100226125829267001418300980095006800650030080912 Y062        
C10022612580009009800000303 0001009500000200 0001006800000040 0002006500000039            
2690108 100226125930266001419601060103008400730050030912 Y063        
C10022612590005010600000295 0000010300000332 0002008400000051 0002007300000051            
2690110 100226130031266001416901190137009100830070000912 Y064        
C10022613000005011900000279 0007013700000324 0002009100000045 0002008300000042            
2690112 100226130032266001418501150079007200680080040912 Y065        
C10022613000000011500000205 0000007900000258 0002007200000045 0002006800000046            
2690114 100226130133267001418201170129007700660040090912 Y066        
C10022613010009011700000276 0000012900000194 0001007700000055 0001006600000043            
2690116 100226130234266001419101280120009000710040090912 Y067        
C10022613020003012800000296 0002012000000165 0003009000000049 0002007100000039            
2690118 100226130235265001419801350120007800740070070912 Y068        
C10022613020006013500000352 0013012000000164 0002007800000041 0002007400000047            
2690120 100226130336266001416801400106009300770030050912 Y069        
C10022613030003014000000320 0007010600000225 0002009300000050 0002007700000051            
2690122 100226130437266001418701060112012000760040090912 Y070        
C10022613040011010600000198 0005011200000250 0003012000000064 0002007600000049            
2690124 100226130438266001417000910115009800800070010912 Y071        
C10022613040000009100000261 0003011500000291 0003009800000052 0002008000000059            
2690126 100226130539266001418600990136007200670020110912 Y072        
C10022613050013009900000217 0013013600000206 0002007200000050 0002006700000045            
